0it [00:00, ?it/s]
TqdmDeprecationWarning: Please use `tqdm.pandas(...)` instead of `tqdm_pandas(tqdm(...))`.
1it [00:09,  9.47s/it]730it [00:09,  6.63s/it]1471it [00:09,  4.64s/it]2205it [00:09,  3.25s/it]2955it [00:09,  2.27s/it]3699it [00:09,  1.59s/it]4365it [00:10,  1.11s/it]5055it [00:10,  1.28it/s]5750it [00:10,  1.83it/s]6456it [00:10,  2.62it/s]7182it [00:10,  3.74it/s]7913it [00:10,  5.34it/s]8641it [00:10,  7.62it/s]9383it [00:10, 10.88it/s]10113it [00:10, 15.54it/s]10850it [00:10, 22.17it/s]11577it [00:11, 31.63it/s]12320it [00:11, 45.11it/s]13066it [00:11, 64.28it/s]13803it [00:11, 91.48it/s]14558it [00:11, 130.01it/s]15299it [00:11, 184.34it/s]16056it [00:11, 260.62it/s]16827it [00:11, 366.99it/s]17580it [00:11, 513.25it/s]18348it [00:11, 712.79it/s]19114it [00:12, 979.21it/s]19871it [00:12, 1323.79it/s]20651it [00:12, 1762.84it/s]21437it [00:12, 2297.49it/s]22225it [00:12, 2917.36it/s]22999it [00:12, 3584.20it/s]23772it [00:12, 4220.53it/s]24559it [00:12, 4901.70it/s]25355it [00:12, 5538.69it/s]26130it [00:12, 6052.24it/s]26904it [00:13, 6310.40it/s]27656it [00:13, 6527.84it/s]28425it [00:13, 6837.60it/s]29187it [00:13, 7053.50it/s]29940it [00:13, 7097.06it/s]30731it [00:13, 7320.89it/s]31488it [00:13, 7219.03it/s]32295it [00:13, 7454.39it/s]33055it [00:13, 7381.03it/s]33804it [00:14, 7410.79it/s]34553it [00:14, 7428.94it/s]35301it [00:14, 7274.49it/s]36045it [00:14, 7322.18it/s]36799it [00:14, 7384.96it/s]37580it [00:14, 7507.12it/s]38333it [00:14, 7448.81it/s]39080it [00:14, 7344.02it/s]39854it [00:14, 7458.11it/s]40606it [00:14, 7475.68it/s]41355it [00:15, 7329.68it/s]42105it [00:15, 7378.94it/s]42844it [00:15, 7374.45it/s]43624it [00:15, 7494.31it/s]44375it [00:15, 7411.36it/s]45118it [00:15, 7415.12it/s]45862it [00:15, 7422.28it/s]46605it [00:15, 7375.09it/s]47366it [00:15, 7441.16it/s]48111it [00:15, 7350.72it/s]48853it [00:16, 7369.41it/s]49591it [00:16, 7331.49it/s]50325it [00:16, 7234.51it/s]51049it [00:16, 7183.04it/s]51792it [00:16, 7254.99it/s]52518it [00:16, 7069.54it/s]53227it [00:16, 6962.19it/s]53925it [00:16, 6792.08it/s]54607it [00:16, 6677.48it/s]55302it [00:16, 6755.11it/s]56021it [00:17, 6879.66it/s]56778it [00:17, 7071.20it/s]57488it [00:17, 6651.03it/s]58185it [00:17, 6742.40it/s]58878it [00:17, 6797.06it/s]59616it [00:17, 6960.19it/s]60340it [00:17, 7040.19it/s]61047it [00:17, 6728.35it/s]61725it [00:17, 6641.24it/s]62463it [00:18, 6845.09it/s]63152it [00:18, 6808.30it/s]63836it [00:18, 6789.97it/s]64518it [00:18, 6636.05it/s]65184it [00:18, 6614.32it/s]65902it [00:18, 6773.21it/s]66582it [00:18, 6765.99it/s]67274it [00:18, 6811.35it/s]67957it [00:18, 6765.48it/s]68637it [00:18, 6775.72it/s]69319it [00:19, 6788.05it/s]69999it [00:19, 6676.05it/s]70668it [00:19, 6613.60it/s]71395it [00:19, 6795.97it/s]72130it [00:19, 6951.38it/s]72728it [00:20, 3584.50it/s]
/root/.local/lib/python2.7/site-packages/sklearn/feature_extraction/text.py:1039: FutureWarning: Conversion of the second argument of issubdtype from `float` to `np.floating` is deprecated. In future, it will be treated as `np.float64 == np.dtype(float).type`.
  if hasattr(X, 'dtype') and np.issubdtype(X.dtype, np.float):
/root/.local/lib/python2.7/site-packages/sklearn/cross_validation.py:44: DeprecationWarning: This module was deprecated in version 0.18 in favor of the model_selection module into which all the refactored classes and functions are moved. Also note that the interface of the new CV iterators are different from that of this module. This module will be removed in 0.20.
  "This module will be removed in 0.20.", DeprecationWarning)
/root/.local/lib/python2.7/site-packages/sklearn/linear_model/base.py:352: RuntimeWarning: overflow encountered in exp
  np.exp(prob, prob)
/root/.local/lib/python2.7/site-packages/sklearn/linear_model/base.py:359: RuntimeWarning: invalid value encountered in true_divide
  prob /= prob.sum(axis=1).reshape((prob.shape[0], -1))
处理完毕
lr stacking
stack:1/5
得分48.473021582733814
stack:2/5
得分48.95051979208316
stack:3/5
得分50.9849
stack:4/5
得分49.758727618285484
stack:5/5
得分50.18236412771494
lr特征已保存

sgd stacking
stack:1/5
得分58.32434052757794
stack:2/5
得分54.70571771291483
stack:3/5
得分49.0857
stack:4/5
得分51.62488746623987
stack:5/5
得分43.970873786407765
sgd特征已保存

PAC stacking
stack:1/5
[[1.51730458e-19 4.59352928e-15 1.50602451e-08 ... 3.68797142e-20
  2.16593215e-11 1.50211823e-07]
 [1.67964016e-71 2.74548946e-05 6.39193878e-24 ... 2.86127495e-34
  3.57820964e-14 1.65788827e-35]
 [3.02554938e-06 3.80380243e-02 2.75101992e-05 ... 9.76746112e-10
  5.81105853e-06 8.82889954e-05]
 ...
 [4.19144886e-02 8.82787745e-05 1.30262622e-01 ... 1.34972763e-05
  6.39630569e-02 7.76984370e-02]
 [4.21196976e-11 2.47730573e-03 2.14156658e-04 ... 6.04036389e-13
  4.54804585e-15 8.94925505e-14]
 [4.22898567e-03 8.94339115e-03 7.19653666e-03 ... 1.31396482e-11
  2.11174039e-26 5.20629227e-14]]
得分56.64208633093525
stack:2/5
[[2.98516522e-02 6.78941092e-03 4.47653640e-03 ... 1.59544714e-02
  2.45664840e-02 1.96590579e-02]
 [4.18691104e-02 1.07178524e-01 4.52126967e-02 ... 2.34799797e-02
  3.70674100e-02 1.68290210e-02]
 [4.26235620e-05 9.94543550e-02 3.75868009e-11 ... 3.12552477e-13
  9.79015121e-06 7.79838061e-06]
 ...
 [2.72361665e-02 2.91916809e-02 3.10286979e-02 ... 4.41995499e-02
  4.71984250e-02 5.78538375e-02]
 [8.36632756e-07 3.86760847e-09 2.33362320e-04 ... 2.63112655e-03
  2.70655926e-03 7.86617104e-01]
 [1.14675360e-10 2.64292636e-01 1.44329688e-17 ... 2.58548156e-13
  1.81360912e-01 1.04086770e-29]]
得分76.23640543782487
stack:3/5
[[5.61773663e-33 2.03367307e-01 7.55120556e-13 ... 6.00712849e-07
  3.77817206e-04 6.99193015e-03]
 [3.31733530e-03 3.83235300e-06 1.20464629e-01 ... 6.43593953e-03
  3.75748050e-05 2.25144622e-04]
 [1.78909356e-22 1.27015730e-19 1.25992578e-01 ... 3.92138723e-01
  1.44294563e-13 5.84050497e-07]
 ...
 [2.60732595e-05 5.42693000e-05 7.91535160e-02 ... 3.19692265e-05
  8.23294159e-02 1.06199388e-06]
 [5.08613596e-41 1.18263526e-95 2.11204720e-15 ... 1.10398310e-44
  4.15314897e-62 3.79393788e-62]
 [1.22834557e-03 3.73909932e-07 1.00910304e-03 ... 1.81759766e-11
  1.10416946e-03 3.95967610e-06]]
得分43.7123
stack:4/5
[[3.43236491e-40 5.57575793e-44 3.50059576e-46 ... 2.21543989e-45
  1.50458221e-67 2.19319513e-30]
 [5.56086809e-09 1.53307525e-06 2.29135755e-01 ... 3.34776979e-04
  3.77413543e-03 7.56329259e-13]
 [7.81445904e-59 6.04991671e-34 3.10451884e-17 ... 8.23548540e-06
  3.73632580e-05 1.89184150e-25]
 ...
 [5.12609454e-06 7.53807955e-05 1.15528316e-04 ... 6.18733309e-05
  3.48404891e-05 6.47739223e-12]
 [1.39652262e-12 2.07700038e-04 1.52613306e-35 ... 1.41851688e-07
  4.22323709e-25 2.86372953e-23]
 [4.31116864e-02 3.48530974e-02 3.93308723e-02 ... 4.86634328e-02
  2.63943786e-02 3.64313654e-02]]
得分64.074322296689
stack:5/5
[[2.42582624e-013 1.00103032e-246 2.00000000e-001 ... 4.53101682e-136
  7.37616474e-120 5.01155422e-079]
 [7.60847496e-030 5.23503966e-051 3.25644051e-001 ... 1.70735621e-017
  4.63399446e-006 3.25644052e-001]
 [2.16101061e-110 4.01241256e-260 1.91533824e-094 ... 8.16251140e-058
  2.78820875e-028 4.96035557e-012]
 ...
 [1.82808940e-007 1.70749043e-035 1.43789812e-039 ... 1.26362651e-013
  5.38040766e-045 3.44660977e-033]
 [1.44588589e-007 4.80716195e-019 1.60772989e-006 ... 3.47413511e-004
  1.15954684e-007 4.98896901e-001]
 [7.61247570e-016 1.67665798e-062 1.30875999e-009 ... 3.65244839e-009
  5.15059009e-004 4.99032789e-001]]
得分58.36042438194375
pac特征已保存

RidgeClassfiy stacking
stack:1/5
[[0.04260626 0.04353111 0.04503091 ... 0.0446304  0.04413199 0.04527757]
 [0.04255789 0.0431772  0.04489065 ... 0.04396374 0.04373631 0.0439443 ]
 [0.04265859 0.04358686 0.0448729  ... 0.04425176 0.04348866 0.043886  ]
 ...
 [0.04273514 0.0440838  0.04554184 ... 0.04407815 0.04346848 0.04393608]
 [0.04260385 0.05001237 0.05464094 ... 0.04369948 0.04347702 0.04340826]
 [0.04336628 0.04503639 0.04572455 ... 0.04395385 0.04300645 0.04348576]]
得分45.20423661071143
stack:2/5
[[0.04267855 0.04360805 0.04490854 ... 0.04407408 0.04348306 0.04395397]
 [0.04268751 0.04364223 0.04510487 ... 0.04421591 0.04353164 0.04391962]
 [0.04274023 0.04397504 0.04495489 ... 0.04405727 0.04342634 0.04382134]
 ...
 [0.04267646 0.0436232  0.04502059 ... 0.04422326 0.04356119 0.04403789]
 [0.0426297  0.04320178 0.04458974 ... 0.04414937 0.04359249 0.04417111]
 [0.04284318 0.04428491 0.04712288 ... 0.04453211 0.04394765 0.04324813]]
得分46.07487005197921
stack:3/5
[[0.04239677 0.04279513 0.04330275 ... 0.04552333 0.04344145 0.04468354]
 [0.04267218 0.0436067  0.04508499 ... 0.04427637 0.04359986 0.04400059]
 [0.0426415  0.04348741 0.04585187 ... 0.0438828  0.04323385 0.04382549]
 ...
 [0.04264929 0.04347406 0.044738   ... 0.04413549 0.04359257 0.04407185]
 [0.04233384 0.04265035 0.0424007  ... 0.0437551  0.04276707 0.0434912 ]
 [0.04310105 0.04615038 0.04780887 ... 0.04352591 0.04303266 0.0437387 ]]
得分45.8255
stack:4/5
[[0.04257669 0.04217278 0.04418697 ... 0.04562371 0.04347028 0.04417634]
 [0.04264458 0.04359671 0.04522121 ... 0.04438654 0.0434978  0.04376655]
 [0.04262541 0.04327058 0.04478905 ... 0.0442181  0.04408369 0.04393929]
 ...
 [0.04269157 0.04378872 0.04536778 ... 0.04399042 0.04347975 0.04387585]
 [0.04269547 0.0437925  0.04549865 ... 0.04322987 0.04339093 0.04359424]
 [0.04268022 0.04364305 0.04505808 ... 0.04421652 0.04353834 0.04399135]]
得分45.23597079123737
stack:5/5
[[0.05482016 0.07069087 0.03288731 ... 0.04228242 0.04906888 0.04335054]
 [0.04257759 0.04389873 0.04682785 ... 0.04412157 0.04346824 0.04343289]
 [0.04647212 0.04009978 0.04204872 ... 0.0423949  0.04208845 0.04024443]
 ...
 [0.04360766 0.04434056 0.04171698 ... 0.04324413 0.04271616 0.04211888]
 [0.04267149 0.04301475 0.04339137 ... 0.04396922 0.0436797  0.04430633]
 [0.04257796 0.04281122 0.04405632 ... 0.04489382 0.04332457 0.04493657]]
得分45.795616054449006
ridge特征已保存

BernoulliNB stacking
stack:1/5
[[4.94065646e-324 8.95257859e-037 1.29927442e-014 ... 6.44753286e-017
  3.02789320e-032 9.94269483e-019]
 [0.00000000e+000 2.98096147e-041 2.45981425e-016 ... 8.65497190e-022
  3.96330039e-037 4.01324847e-023]
 [0.00000000e+000 2.77372863e-040 4.91878254e-016 ... 2.42294099e-020
  4.01977162e-039 2.08751073e-024]
 ...
 [0.00000000e+000 2.30880865e-038 4.15056123e-015 ... 1.25121097e-021
  5.41112317e-041 2.38940745e-025]
 [2.24132139e-317 3.51608396e-020 9.99985956e-001 ... 1.48942342e-021
  8.62730480e-039 5.34076567e-029]
 [3.87250548e-309 1.19070596e-023 4.77298106e-008 ... 4.09146059e-020
  1.28445909e-036 1.24829532e-020]]
得分43.07274180655476
stack:2/5
[[0.00000000e+00 7.73474391e-39 6.41635472e-16 ... 1.91749016e-22
  7.41914372e-41 1.38841989e-25]
 [0.00000000e+00 3.57990657e-37 1.32029144e-13 ... 2.73028668e-20
  2.40919526e-38 2.14401188e-25]
 [0.00000000e+00 1.28570758e-38 3.31025439e-16 ... 4.07483603e-22
  7.58187568e-42 1.76208966e-26]
 ...
 [0.00000000e+00 6.09660271e-43 1.80285271e-17 ... 5.36938670e-21
  5.74980360e-39 6.14124113e-24]
 [0.00000000e+00 8.05742400e-43 2.05295064e-14 ... 3.10926009e-20
  7.18778243e-38 1.50274411e-21]
 [0.00000000e+00 1.50664392e-36 2.08800011e-13 ... 5.67688673e-22
  7.83224285e-40 4.68853343e-27]]
得分43.372950819672134
stack:3/5
[[0.00000000e+00 9.10010087e-40 1.44401304e-14 ... 1.22004410e-20
  3.05661256e-40 5.60165939e-26]
 [0.00000000e+00 6.70148302e-40 6.06356737e-14 ... 2.20671548e-19
  3.38691967e-38 1.82167517e-24]
 [0.00000000e+00 2.51150495e-42 1.87141049e-15 ... 6.11795861e-21
  2.24122155e-40 5.35133857e-25]
 ...
 [0.00000000e+00 3.77053796e-47 1.84143138e-21 ... 1.84742318e-23
  7.83664312e-40 1.02626133e-23]
 [0.00000000e+00 5.07206206e-37 4.76541650e-15 ... 5.50450322e-22
  2.47158921e-39 2.43382682e-25]
 [0.00000000e+00 8.87214635e-39 7.98769198e-15 ... 1.19517653e-21
  4.89430216e-41 2.26849419e-25]]
得分44.2269
stack:4/5
[[0.00000000e+00 1.33355776e-39 4.01868283e-14 ... 1.70146590e-19
  3.26626705e-38 1.36237356e-24]
 [0.00000000e+00 1.14705037e-34 5.23236094e-10 ... 4.48974687e-22
  9.81630855e-44 8.13670637e-31]
 [0.00000000e+00 2.36910277e-42 2.40992349e-16 ... 3.10899667e-20
  3.52464060e-38 1.52906528e-24]
 ...
 [0.00000000e+00 6.87325583e-38 1.37053669e-14 ... 4.49034154e-23
  9.13049652e-42 4.24639653e-27]
 [0.00000000e+00 2.00955613e-34 3.55507433e-15 ... 1.58361204e-29
  6.61122161e-51 7.20193449e-32]
 [0.00000000e+00 8.17989670e-40 2.37499083e-15 ... 1.68733479e-21
  4.13426643e-40 7.33258146e-26]]
得分43.0149044713414
stack:5/5
[[2.04238929e-308 4.92467282e-029 2.04111866e-007 ... 2.69233094e-025
  5.33425236e-037 7.01409880e-029]
 [0.00000000e+000 8.34994586e-037 1.19306939e-009 ... 1.57230370e-027
  1.63272993e-045 9.34084054e-036]
 [2.13377226e-307 2.91091050e-030 6.10223441e-008 ... 5.70966516e-020
  1.10978799e-035 2.65931952e-024]
 ...
 [0.00000000e+000 2.31429976e-039 4.40328014e-021 ... 4.02555554e-025
  2.37441222e-043 3.05323339e-029]
 [0.00000000e+000 3.37304926e-037 3.63783551e-014 ... 1.15769340e-018
  7.39073781e-036 3.07617696e-022]
 [0.00000000e+000 7.90221361e-040 3.63834952e-014 ... 2.80454859e-020
  3.70387144e-040 8.98540549e-026]]
得分43.14913422079872
BernoulliNB特征已保存

MultinomialNB stacking
stack:1/5
[[0.00000000e+000 1.60091567e-162 8.91962036e-090 ... 5.77126846e-111
  5.15064153e-119 1.22235163e-026]
 [0.00000000e+000 0.00000000e+000 4.28144753e-179 ... 4.58307872e-112
  7.08369633e-070 1.50797321e-098]
 [1.06635145e-131 9.53018127e-045 2.86056260e-045 ... 2.03900004e-020
  5.83173644e-030 4.60231868e-043]
 ...
 [2.23514972e-015 1.00000000e+000 6.81035396e-011 ... 7.68166339e-061
  1.26943996e-059 4.44900347e-040]
 [6.71604293e-198 1.00000000e+000 1.22474525e-035 ... 3.23979253e-251
  2.85344281e-312 0.00000000e+000]
 [1.34296582e-059 1.00000000e+000 1.71185840e-074 ... 1.00214755e-214
  0.00000000e+000 5.34963473e-210]]
得分53.64718225419664
stack:2/5
[[1.69550126e-034 4.83460686e-034 7.35583927e-038 ... 1.53053307e-038
  9.84690535e-037 3.31260845e-024]
 [1.36477000e-010 9.41685182e-004 2.50449382e-001 ... 3.49223994e-006
  7.61149211e-009 5.03303197e-011]
 [9.94263673e-113 3.97869378e-033 5.41200902e-083 ... 2.74005064e-144
  6.54367050e-203 8.07057854e-150]
 ...
 [3.16279410e-009 7.98852095e-007 1.32365983e-004 ... 3.76075849e-003
  6.04202632e-003 3.04290956e-002]
 [7.67119252e-223 1.47999194e-127 6.08518953e-059 ... 7.72937237e-050
  8.18988524e-051 1.72252376e-028]
 [0.00000000e+000 1.77893452e-091 2.00591046e-027 ... 1.42168737e-090
  2.52073132e-129 4.53738040e-189]]
得分52.94552179128349
stack:3/5
[[0.00000000e+000 5.86393979e-139 7.48154205e-068 ... 2.96298588e-027
  1.49695157e-027 9.43521363e-031]
 [2.13436158e-037 5.90449701e-012 1.47850982e-004 ... 8.41652227e-003
  2.10457149e-003 9.40520637e-008]
 [8.65357543e-225 1.92317507e-078 9.46454188e-010 ... 9.26168007e-063
  3.47780438e-085 4.65872795e-059]
 ...
 [2.69672731e-140 2.80124675e-088 5.29788712e-060 ... 1.63543074e-037
  5.39421250e-032 2.88919434e-019]
 [0.00000000e+000 2.78891311e-212 1.12114843e-254 ... 1.06050130e-231
  2.77120764e-227 1.64730971e-132]
 [3.73170370e-038 1.00000000e+000 2.20957260e-054 ... 3.86002457e-304
  0.00000000e+000 1.07355868e-201]]
得分52.7039
stack:4/5
[[0.00000000e+000 0.00000000e+000 1.85072331e-304 ... 1.46416456e-040
  0.00000000e+000 0.00000000e+000]
 [1.95544449e-185 2.58656709e-042 1.24598591e-013 ... 6.34717568e-010
  8.19770179e-029 2.25712939e-038]
 [0.00000000e+000 4.10121129e-231 2.56067741e-124 ... 7.71557455e-052
  4.00033222e-018 4.65991111e-074]
 ...
 [6.93730974e-060 5.52237772e-040 3.31939214e-056 ... 9.65856002e-090
  2.66645656e-089 1.98156238e-059]
 [0.00000000e+000 4.05309614e-271 0.00000000e+000 ... 0.00000000e+000
  0.00000000e+000 0.00000000e+000]
 [2.02501944e-004 3.68098834e-004 8.38178182e-003 ... 2.02016085e-003
  1.07095559e-005 5.77575278e-004]]
得分54.5480644193258
stack:5/5
[[0.00000000e+000 0.00000000e+000 0.00000000e+000 ... 0.00000000e+000
  0.00000000e+000 0.00000000e+000]
 [0.00000000e+000 2.90643750e-190 1.03963780e-034 ... 1.77521810e-118
  2.73289589e-159 5.52951175e-196]
 [0.00000000e+000 0.00000000e+000 0.00000000e+000 ... 0.00000000e+000
  0.00000000e+000 0.00000000e+000]
 ...
 [0.00000000e+000 1.84770127e-317 0.00000000e+000 ... 0.00000000e+000
  0.00000000e+000 0.00000000e+000]
 [4.66032395e-306 1.34972272e-169 4.00732731e-099 ... 1.10452268e-058
  9.47182172e-043 1.85683433e-037]
 [0.00000000e+000 1.15112421e-261 9.00172634e-085 ... 1.16079204e-036
  6.15867659e-161 1.08065894e-055]]
得分51.79651686517866
MultinomialNB特征已保存

LinerSVC stacking
stack:1/5
[[1.96632244e-04 1.27637974e-03 1.74028919e-05 ... 8.47470210e-06
  2.18694942e-05 7.14342441e-02]
 [6.29540674e-15 1.24323937e-02 8.13471574e-02 ... 2.31638364e-02
  1.61055600e-02 3.12111532e-02]
 [1.61767492e-02 6.77114652e-02 3.76215561e-02 ... 3.39667369e-02
  4.30295879e-02 4.89877350e-02]
 ...
 [4.20685218e-02 5.09145309e-02 4.83761785e-02 ... 4.15921759e-02
  4.34650539e-02 4.30985249e-02]
 [1.51867570e-05 2.28306594e-01 5.55467122e-01 ... 1.66140422e-03
  3.47427283e-02 2.34562980e-05]
 [1.61398693e-01 4.08302477e-03 6.16227088e-02 ... 2.66254259e-02
  3.71580248e-03 6.05143027e-02]]
得分55.256294964028775
stack:2/5
[[0.04423433 0.03961339 0.04525125 ... 0.04365444 0.0471425  0.04339445]
 [0.04645105 0.04193853 0.05700592 ... 0.04156604 0.04331978 0.03903652]
 [0.04286444 0.04952069 0.07325112 ... 0.04285831 0.03912468 0.05093019]
 ...
 [0.04001936 0.04002808 0.04424999 ... 0.04393257 0.04440669 0.04378045]
 [0.02670318 0.02175902 0.05855589 ... 0.05257591 0.04127431 0.07149294]
 [0.00261509 0.10806141 0.06531637 ... 0.07409905 0.05154873 0.02720989]]
得分51.91293482606957
stack:3/5
[[2.87089173e-15 2.18407878e-02 2.83747268e-03 ... 3.83212817e-02
  7.04995784e-02 6.96794109e-02]
 [3.51467587e-02 4.18030304e-02 4.55600413e-02 ... 4.68537013e-02
  4.31959499e-02 4.51428391e-02]
 [3.71168175e-03 1.67409062e-03 7.56189620e-02 ... 5.50846262e-02
  3.48132673e-03 1.32180371e-02]
 ...
 [4.60345370e-03 4.39101106e-02 5.57393978e-02 ... 4.23926231e-02
  4.69508618e-02 4.92887166e-02]
 [4.77759285e-06 8.44922753e-06 9.15014146e-04 ... 5.69602782e-06
  6.69235548e-03 1.92065849e-04]
 [3.68712899e-02 5.11899607e-02 3.14293145e-02 ... 3.73330798e-02
  3.51774155e-02 3.36941263e-02]]
得分50.842
stack:4/5
[[1.08552003e-02 1.57322706e-02 2.82427803e-02 ... 1.09710600e-01
  3.89996496e-02 2.48274421e-02]
 [2.17354428e-02 4.11660233e-02 8.73904616e-02 ... 5.66389129e-02
  3.39319341e-02 8.38579057e-03]
 [4.51851227e-06 3.05684491e-02 7.51793089e-02 ... 6.33820834e-02
  4.22145100e-02 2.28235095e-02]
 ...
 [5.35152090e-02 6.76891382e-02 9.64075133e-03 ... 1.47837264e-02
  3.06086744e-02 5.58581623e-02]
 [3.16651204e-02 3.84333407e-02 8.47905097e-03 ... 1.61015880e-02
  5.12676022e-02 3.39793618e-02]
 [4.09460417e-02 4.41608689e-02 4.64566736e-02 ... 4.43406289e-02
  5.48348521e-02 4.12384503e-02]]
得分56.34100230069021
stack:5/5
[[9.45739635e-010 4.99811199e-001 8.79924180e-031 ... 3.91434247e-018
  2.50569626e-133 1.91570313e-025]
 [7.25301218e-005 8.06531830e-003 6.25060615e-002 ... 1.86211065e-001
  3.27549906e-002 4.26569830e-003]
 [1.70689873e-017 5.27299571e-030 2.33696998e-004 ... 3.08608585e-007
  9.71856530e-013 3.62436414e-017]
 ...
 [6.62400751e-003 6.25884517e-002 1.01786702e-005 ... 1.46907130e-001
  2.58965060e-002 1.18624592e-009]
 [3.46046140e-002 2.68112590e-002 1.39433473e-002 ... 8.50884683e-002
  4.91008753e-002 5.50049784e-002]
 [2.92450705e-002 9.36748602e-003 1.67208988e-004 ... 1.96841750e-001
  1.95746348e-002 4.83520353e-002]]
得分57.88259433490141
LSVC特征已保存

开始5
kmean
开始10
kmean
开始19
kmean
开始30
kmean
开始40
kmean
开始50
kmean
开始60
kmean
开始70
kmean
